LINE,MAGFIELD,GPSLAT,GPSLON
,,,
1,51990.5,63.665813,12.149861
1,51999.6,63.666035,12.149779
1,51990.9,63.66626,12.149758
1,51988.1,63.666465,12.149815
1,52004.7,63.666723,12.149768
1,52033.8,63.66694,12.149748
1,52112.7,63.667143,12.149724
1,52059.8,63.667385,12.149774
1,51973.3,63.667633,12.149734
1,52084,63.667825,12.14974
1,52153.4,63.66806,12.149781
1,52135.2,63.668273,12.149726
1,52149.7,63.668498,12.149723
1,52108.7,63.668745,12.149663
1,52108.2,63.668974,12.149661
1,52240.2,63.669195,12.149611
1,52239,63.669391,12.149603
1,52310,63.669639,12.149604
1,52275.5,63.669855,12.149579
1,52205.3,63.670063,12.149536
1,52299.1,63.670295,12.149543
1,52217.1,63.670506,12.149516
1,52382.9,63.670746,12.149568
1,52236.9,63.67098,12.149531
1,52195.4,63.67118,12.149463
1,52167.9,63.67142,12.149471
1,52336.1,63.67165,12.149516
1,52243.2,63.671859,12.149463
1,51959.9,63.672085,12.149408
1,51999,63.672306,12.149421
1,51995.8,63.67253,12.149411
1,52018.9,63.67276,12.149373
1,52052.7,63.672968,12.149346
1,52078.8,63.673223,12.14937
1,52085.1,63.673443,12.149366
1,52104.7,63.673655,12.149328
1,52132.6,63.673898,12.149285
1,52149.8,63.674115,12.149296
1,52150.7,63.674331,12.149238
1,52075,63.674563,12.149228
1,52085.7,63.674773,12.149238
,,,
2,52088.4,63.674803,12.149811
2,52183.4,63.674555,12.149765
2,52322.1,63.674338,12.149828
2,52239.3,63.674121,12.149828
2,52195.8,63.673903,12.149838
2,52153.5,63.67367,12.149895
2,52113.3,63.673453,12.14985
2,52079.4,63.673208,12.149881
2,52072.9,63.673008,12.149931
2,52030.7,63.672773,12.149866
2,52015.5,63.672559,12.149918
2,52017.7,63.672306,12.149943
2,51997.6,63.6721,12.149911
2,51841.9,63.671864,12.149913
2,52324.8,63.671656,12.14996
2,52372,63.671428,12.149981
2,52262.4,63.671184,12.150011
2,52056.1,63.670966,12.15005
2,52317.4,63.670763,12.150008
2,52378.7,63.670513,12.150083
2,52299.8,63.670309,12.150031
2,52284.5,63.670066,12.150115
2,52301.9,63.669848,12.150109
2,52224.1,63.669651,12.150143
2,52287.3,63.669188,12.150161
2,52109.3,63.668951,12.15017
2,52093.2,63.668733,12.150208
2,52183.9,63.668539,12.1502
2,52078.1,63.668273,12.150203
2,52091.2,63.668056,12.150221
2,52007.4,63.667849,12.150235
2,52188.1,63.667601,12.150268
2,52075.2,63.667379,12.150293
2,52133.9,63.667176,12.150293
2,52029.8,63.666925,12.150261
2,52002.7,63.666709,12.150341
2,51973.4,63.666498,12.150348
2,51999,63.666276,12.15038
2,52005.4,63.666028,12.150386
2,52000.1,63.665803,12.150341
,,,
3,52000.8,63.665863,12.150878
3,52024.2,63.666053,12.150899
3,52013.6,63.666275,12.150868
3,52002.1,63.666515,12.150866
3,52013.3,63.666731,12.150853
3,52067.2,63.666966,12.150818
3,52186.6,63.667176,12.150845
3,52048.7,63.6674,12.150806
3,52071.2,63.667638,12.1508
3,52069.4,63.667846,12.150783
3,52127.4,63.668066,12.150773
3,52081.5,63.668303,12.150748
3,52075.6,63.668533,12.150738
3,52048,63.668741,12.150718
3,52378.2,63.668965,12.15069
3,52281,63.669186,12.150688
3,52232.7,63.669426,12.150653
3,52185.2,63.669641,12.15069
3,52282,63.669856,12.150646
3,52330.7,63.670093,12.150646
3,52231.1,63.670318,12.150626
3,52200,63.670566,12.150588
3,53209.8,63.67076,12.150593
3,52244,63.670986,12.150561
3,52342.8,63.671198,12.150539
3,52202.5,63.671453,12.150526
3,52195.8,63.671669,12.150541
3,51999.2,63.671873,12.150544
3,52084.4,63.672145,12.15052
3,52101.6,63.672323,12.150455
3,52080.6,63.672553,12.150405
3,52073.3,63.672773,12.150405
3,52087.8,63.672999,12.150433
3,52125.5,63.673228,12.15038
3,52150.2,63.673455,12.150391
3,52169.8,63.673655,12.150363
3,52250.3,63.673886,12.150355
3,52515.4,63.674135,12.150331
3,52218.1,63.674333,12.150313
3,52182.4,63.674559,12.150318
3,52113.7,63.674803,12.150391
,,,
4,52093.3,63.674805,12.15085
4,52151.3,63.674576,12.150825
4,52164.8,63.674328,12.15087
4,52185.4,63.674136,12.150943
4,52193.1,63.673903,12.150945
4,52206,63.67371,12.150925
4,52207.1,63.673415,12.150948
4,52247.8,63.673233,12.151005
4,52286,63.673011,12.151098
4,52152.9,63.672779,12.15088
4,52153.6,63.672575,12.150993
4,52167.4,63.672351,12.151055
4,52108.5,63.672068,12.151048
4,52121.8,63.671871,12.151068
4,52269.7,63.671638,12.150956
4,52348,63.671416,12.151081
4,52327.3,63.67121,12.151145
4,52200.2,63.671003,12.151085
4,52212.9,63.670518,12.151113
4,52224.8,63.670298,12.151085
4,52223.1,63.670083,12.151175
4,52255.4,63.669853,12.151106
4,52155.9,63.66963,12.15118
4,52209.2,63.669421,12.151196
4,52171.8,63.66918,12.151238
4,52320.2,63.668934,12.15132
4,52117.8,63.668763,12.151289
4,51976.2,63.668516,12.151239
4,51880.3,63.668295,12.151215
4,52315.2,63.668075,12.151305
4,52141.7,63.667836,12.151418
4,52058.9,63.667628,12.151288
4,52088.7,63.667383,12.151311
4,52097,63.667181,12.151321
4,52056.8,63.666938,12.151358
4,52040.5,63.66673,12.151378
4,52002.6,63.666521,12.151321
4,52043.6,63.666271,12.151443
4,52022.6,63.66604,12.151444
4,52011.6,63.66582,12.151483
,,,
5,52000.9,63.665846,12.151968
5,52010.1,63.666021,12.151921
5,52003.5,63.666296,12.151968
5,52024,63.666526,12.151881
5,52028,63.666738,12.151926
5,52084,63.666956,12.151896
5,52150.1,63.66718,12.151905
5,52082.6,63.667398,12.151818
5,52127.5,63.667628,12.151828
5,52233.1,63.667841,12.151806
5,52125.8,63.668096,12.151785
5,51776.1,63.668306,12.151808
5,52099,63.668524,12.151746
5,52350.2,63.668758,12.151743
5,52220.1,63.669001,12.151736
5,52263.9,63.669208,12.151733
5,52208,63.66941,12.151686
5,52178.5,63.669643,12.151708
5,52240.8,63.669884,12.15167
5,52239.8,63.6701,12.15165
5,52279.7,63.670319,12.15164
5,52325.4,63.67057,12.151695
5,52362.5,63.670773,12.151673
5,52923.4,63.671016,12.151566
5,52218,63.671211,12.15156
5,52741.1,63.671461,12.151563
5,52116.1,63.671666,12.15156
5,52135.1,63.671898,12.151538
5,52285.5,63.672121,12.151515
5,52246.6,63.672358,12.151506
5,52206.6,63.672576,12.151473
5,52162.3,63.672771,12.15144
5,52352.5,63.673036,12.151481
5,52220.7,63.673228,12.151451
5,52234.8,63.673475,12.151433
5,52213.9,63.673728,12.151391
5,52186.4,63.673898,12.151424
5,52165.1,63.67416,12.151415
5,52132,63.674368,12.151324
5,52131.7,63.674618,12.151335
5,52116.5,63.67483,12.151336
,,,
6,52111.9,63.67481,12.151846
6,52112.3,63.674573,12.151863
6,52115.7,63.674365,12.151921
6,52112,63.674145,12.151905
6,52166.8,63.673921,12.151955
6,52208.7,63.673696,12.151938
6,52238.5,63.673463,12.151985
6,52224,63.673238,12.15198
6,52178.5,63.672998,12.152043
6,52153.3,63.672783,12.151991
6,52160.6,63.672573,12.152046
6,52312.7,63.672348,12.152071
6,52412.1,63.67212,12.152063
6,52332.7,63.671893,12.152083
6,52211.4,63.67169,12.15209
6,52363.7,63.671466,12.152071
6,52298.9,63.671221,12.152195
6,52188.4,63.670971,12.152116
6,52042.3,63.670785,12.15209
6,52259.3,63.670498,12.15209
6,52262.9,63.670285,12.152243
6,52263.9,63.670106,12.152115
6,52242.2,63.669845,12.152215
6,52161,63.669634,12.152093
6,52220.5,63.669425,12.152233
6,52182.7,63.669186,12.152241
6,52290.9,63.668973,12.152311
6,52319.9,63.66876,12.152306
6,51783.1,63.668533,12.15232
6,50677.2,63.668306,12.15232
6,52166.6,63.668075,12.152335
6,52124.4,63.667856,12.15236
6,52138.3,63.667628,12.152355
6,52137.8,63.6674,12.152421
6,51969.3,63.667198,12.152423
6,52248.2,63.666943,12.152483
6,52059.2,63.666748,12.152426
6,52024,63.66649,12.152418
6,52016.1,63.666311,12.15243
6,52001.3,63.666035,12.152533
6,52020,63.665818,12.152541
,,,
7,52063.1,63.665858,12.15296
7,52009.9,63.666076,12.153013
7,52053.3,63.666295,12.152981
7,52018.3,63.66653,12.152933
7,52032,63.666726,12.152971
7,51860.5,63.666986,12.15292
7,52065.5,63.667215,12.152908
7,52126.4,63.667433,12.152908
7,52098.5,63.66765,12.152905
7,52106.3,63.667855,12.15283
7,52124.5,63.668093,12.152843
7,52084,63.668328,12.15283
7,52621.4,63.668569,12.152801
7,52363,63.668773,12.15282
7,52211.9,63.669005,12.152806
7,52527.4,63.669218,12.152776
7,52158.7,63.669433,12.152763
7,52125.5,63.669648,12.152738
7,52138,63.669888,12.152741
7,52205.8,63.670103,12.152761
7,51460.7,63.670335,12.15271
7,52133.8,63.670571,12.152688
7,52239.8,63.670788,12.152668
7,52225.8,63.671015,12.15269
7,52360.1,63.67124,12.152656
7,52437.7,63.671448,12.15264
7,52312.8,63.671673,12.152625
7,52432.8,63.671896,12.152648
7,52555.3,63.672136,12.152581
7,52243.2,63.672328,12.15255
7,52173.1,63.67257,12.15255
7,52154.1,63.67282,12.152563
7,52178.9,63.673033,12.152541
7,52212.5,63.67325,12.152483
7,52212.8,63.673483,12.152515
7,52185.1,63.673693,12.152481
7,52151,63.67391,12.152458
7,52120.2,63.674153,12.152423
7,52101.6,63.674386,12.15242
7,52108.3,63.67461,12.152401
7,52120.8,63.674818,12.152418
,,,
8,52120.3,63.674821,12.152915
8,52107.3,63.674605,12.152963
8,52110.6,63.674386,12.152958
8,52132,63.67413,12.152941
8,52154.8,63.673928,12.152968
8,52179.9,63.673701,12.153006
8,52196.9,63.673469,12.153025
8,52187.6,63.673236,12.152991
8,52153,63.67302,12.15303
8,52132.6,63.672806,12.153061
8,52136.3,63.67257,12.153058
8,52139.1,63.672341,12.15309
8,52208.8,63.672166,12.153121
8,52349.4,63.671915,12.1531
8,52899.8,63.67169,12.153116
8,52380.5,63.671448,12.153111
8,52450.8,63.671224,12.153163
8,52279.3,63.671028,12.153191
8,52283.6,63.670798,12.153223
8,52147.5,63.670559,12.153213
8,53798.9,63.67038,12.153176
8,52217.9,63.670126,12.153246
8,52192.7,63.6699,12.15326
8,52119.5,63.669726,12.153233
8,52261.9,63.669441,12.153328
8,52100.6,63.669199,12.153278
8,52238.4,63.668986,12.153293
8,52281.3,63.66876,12.153331
8,52299.1,63.668531,12.15336
8,52277.7,63.668325,12.153361
8,52186.8,63.668101,12.153358
8,52111.3,63.667871,12.15336
8,52077.7,63.667656,12.153413
8,52137.9,63.667421,12.153433
8,52059.3,63.667206,12.153418
8,52060,63.666978,12.153486
8,52029.1,63.66675,12.153418
8,52026.4,63.666516,12.153483
8,52025.3,63.666291,12.15351
8,52017.9,63.66612,12.153518
8,52027,63.665838,12.153533
,,,
9,52011.6,63.665873,12.154063
9,52019.5,63.666091,12.154079
9,52021.4,63.666326,12.153996
9,52012,63.66657,12.15397
9,52042.7,63.666768,12.154021
9,52051.5,63.667003,12.153986
9,52061.7,63.6671,12.154005
9,52049.9,63.667448,12.154006
9,52063,63.667664,12.153921
9,52138,63.667876,12.153953
9,52310.5,63.668113,12.153888
9,52321.1,63.66833,12.15383
9,52272.2,63.668566,12.153924
9,52169.4,63.668788,12.15381
9,52129.4,63.669016,12.153811
9,52381.7,63.669226,12.153845
9,52120.5,63.669436,12.15381
9,52121.6,63.669668,12.153816
9,52098.7,63.669891,12.153816
9,52173.3,63.67012,12.153765
9,51997,63.670331,12.153736
9,52200.9,63.670576,12.1538
9,52207.3,63.6708,12.153711
9,52221.9,63.671016,12.153691
9,52312.1,63.671248,12.153633
9,52464.5,63.671471,12.153666
9,52125.3,63.671695,12.153641
9,52206.3,63.671926,12.153651
9,52147.7,63.672133,12.153665
9,52092.8,63.672386,12.153615
9,52142.5,63.672593,12.153558
9,52106.6,63.672823,12.153581
9,52130.8,63.673055,12.153566
9,52160,63.673258,12.153556
9,52179.9,63.6735,12.153516
9,52183.7,63.673726,12.153518
9,52146.6,63.673941,12.153505
9,52123.9,63.674165,12.153485
9,52112.1,63.674383,12.153495
9,52113.3,63.674605,12.153471
9,52156.8,63.674828,12.153428
,,,
10,52070.1,63.674856,12.153955
10,52104.2,63.67463,12.15397
10,52088.9,63.674361,12.153963
10,52223.1,63.674155,12.154063
10,52141.2,63.673945,12.154051
10,52207,63.673685,12.154096
10,52182.6,63.6735,12.154088
10,52148.9,63.673258,12.154083
10,52119,63.67305,12.154074
10,52129.9,63.672801,12.154055
10,52132.5,63.672595,12.154108
10,52129.3,63.672358,12.154113
10,52160.1,63.672161,12.154136
10,52170.3,63.671893,12.154225
10,52316.2,63.671709,12.154135
10,52366.5,63.671455,12.154173
10,52311,63.671271,12.154101
10,52274.6,63.671021,12.154283
10,52165.5,63.670768,12.15432
10,52232.3,63.670585,12.154335
10,51868,63.670383,12.154286
10,52169.2,63.670128,12.154201
10,52095.2,63.669918,12.154239
10,52061.2,63.66969,12.154295
10,51989.5,63.669443,12.154273
10,52251,63.669213,12.154365
10,52536.3,63.668998,12.154411
10,52192.1,63.668788,12.154483
10,52372.8,63.668584,12.15446
10,52248.3,63.66833,12.154465
10,52176.5,63.668118,12.154455
10,52114.4,63.66791,12.154445
10,52056.4,63.667681,12.154195
10,52050.1,63.667426,12.154421
10,52048.8,63.667198,12.15448
10,52028.7,63.666993,12.154591
10,52050.7,63.666801,12.154951
10,52013.4,63.666546,12.154566
10,52017.4,63.666295,12.154601
10,51997,63.666091,12.154591
10,51982.1,63.665863,12.154656
,,,
11,51970.3,63.665861,12.155071
11,51973.5,63.666101,12.155041
11,51994.1,63.666313,12.155023
11,51982.2,63.666568,12.155096
11,52020.8,63.666768,12.155043
11,52121,63.667025,12.155008
11,52000.4,63.667226,12.15501
11,52040.3,63.667451,12.155
11,52210.4,63.667636,12.154948
11,52113,63.667888,12.155006
11,52139.9,63.668093,12.154981
11,51907.2,63.66835,12.154956
11,52407.1,63.668558,12.154918
11,52068.9,63.6688,12.154908
11,52125.5,63.669011,12.15491
11,52100.2,63.669228,12.154848
11,52039,63.669465,12.154876
11,52177.1,63.66968,12.154831
11,52070.3,63.669926,12.154853
11,52452.7,63.670156,12.154753
11,52092.6,63.670381,12.154779
11,52167.5,63.670581,12.154803
11,52271.8,63.670825,12.154745
11,52366.1,63.67103,12.154735
11,52298.1,63.671266,12.154751
11,52308.2,63.671476,12.15467
11,52110.3,63.671705,12.1547
11,52143,63.671919,12.154678
11,52170.4,63.672163,12.154678
11,52116.6,63.672386,12.154643
11,52231.9,63.672611,12.154646
11,52261.6,63.67282,12.154649
11,52112,63.673056,12.154624
11,52249.1,63.673284,12.154586
11,52172.7,63.673506,12.154583
11,52229.5,63.673756,12.154609
11,51943.7,63.673945,12.154576
11,52074.7,63.674171,12.154545
11,52101.8,63.67439,12.154523
11,51993.6,63.674586,12.15448
11,52007.5,63.674823,12.154493
,,,
12,52075.6,63.674841,12.155016
12,52102.5,63.674631,12.155033
12,52083.6,63.674405,12.155028
12,52165,63.674169,12.155038
12,52189.3,63.673965,12.155066
12,52216.7,63.673738,12.155075
12,52395.7,63.673485,12.155113
12,52438.6,63.673293,12.155098
12,52325.5,63.673041,12.155103
12,52278.7,63.672803,12.155175
12,52259.6,63.672621,12.15513
12,52175.9,63.672406,12.15519
12,52168.6,63.672168,12.155176
12,52173.6,63.671938,12.15524
12,52145.3,63.671716,12.155191
12,52306.5,63.67149,12.155231
12,52293.3,63.67127,12.155243
12,52300.5,63.671046,12.155275
12,52282.1,63.670811,12.155288
12,52227.3,63.670608,12.155318
12,52194.9,63.670386,12.155303
12,52161.1,63.670141,12.155336
12,52081.6,63.66993,12.155346
12,52296,63.669693,12.155368
12,52543.6,63.669481,12.155378
12,51842.2,63.669235,12.15541
12,52301.2,63.668981,12.155391
12,52253.6,63.668786,12.15549
12,52434.1,63.668591,12.155415
12,52215.3,63.668353,12.15547
12,52045.5,63.668093,12.155466
12,52115,63.667895,12.155436
12,51996.2,63.667666,12.155501
12,52032.5,63.667435,12.155535
12,51967,63.667226,12.155516
12,52230.1,63.667006,12.155561
12,52041.9,63.666785,12.155598
12,51982.8,63.666551,12.15557
12,51983,63.666348,12.155583
12,52027.1,63.66612,12.15558
12,51961.6,63.665885,12.155649
,,,
13,51964.1,63.665878,12.15615
13,51975.6,63.666125,12.156143
13,51980.6,63.666356,12.156101
13,52045.7,63.666583,12.15611
13,51952.4,63.666788,12.15606
13,52174.3,63.667023,12.156018
13,51990.5,63.667221,12.15608
13,52014.5,63.66744,12.156043
13,52046.2,63.667655,12.156
13,52058.5,63.66791,12.155951
13,52099.3,63.668121,12.155976
13,52192.3,63.668349,12.155985
13,52701.6,63.668564,12.155965
13,52392.3,63.668798,12.155911
13,51671.6,63.669015,12.155973
13,51967.9,63.669235,12.155938
13,51947.3,63.669461,12.155915
13,52044.6,63.669686,12.155928
13,52158.6,63.669923,12.155861
13,52121.3,63.670156,12.155858
13,52158.9,63.670353,12.155833
13,52235.9,63.670581,12.155871
13,52261.5,63.670805,12.155858
13,52303.9,63.671058,12.15579
13,52402.3,63.671251,12.155718
13,52149.6,63.671515,12.155756
13,52156.5,63.671696,12.1558
13,52139.9,63.67193,12.15578
13,52193.6,63.672163,12.155723
13,52240.4,63.6724,12.155708
13,52307,63.672615,12.155648
13,52431,63.672826,12.155606
13,51799,63.673043,12.15562
13,52086.8,63.673291,12.155688
13,52185.8,63.673533,12.155658
13,52145.2,63.673726,12.1556
13,52097.9,63.67395,12.155583
13,52099.5,63.674201,12.155568
13,52117.5,63.674425,12.155541
13,52183.9,63.674648,12.155495
13,51966.3,63.674851,12.155538
